0
8
10
13
15
16
17
19
20
21
22
23
32
34
38
39
40
41
46
47
48
49
50
51
52
56
58
59
62
63
65
70
72
73
74
75
77
79
80
92
93
96
99
100
101
102
103
106
107
109
111
114
127
128
129
130
133
134
135
136
137
139
155
156
159
160
164
167
169
170
176
180
186
187
188
189
205
208
209
210
212
213
214
219
235
241
242
249
250
251
252
253
262
264
265
266
267
268
269
272
274
275
276
277
280
282
283
284
285
288
289
290
292
293
296
301
304
306
308
309
311
312
314
315
316
318
319
320
322
324
333
338
339
340
342
344
350
351
354
359
360
361
362
363
366
369
371
373
374
375
376
378
379
380
381
382
384
385
387
389
395
396
400
401
402
403
404
406
407
408
409
411
412
413
415
419
421
425
426
427
428
429
432
433
434
437
438
439
454
455
463
464
467
468
469
470
471
472
474
476
479
